%YAML:1.0
K_ir:  !!opencv-matrix
  rows: 3
  cols: 3
  dt: d
  data: [590.05478,0.00000,324.82191,0.00000,590.05478,244.66738,0.00000,0.00000,1.00000]
K_lf:  !!opencv-matrix
  rows: 3
  cols: 3
  dt: d
  data: [521.40520,0.00000,285.11400,0.00000,521.40520,187.82530,0.00000,0.00000,1.00000]
d_lf:  !!opencv-matrix
  rows: 1
  cols: 5
  dt: d
  data: [0.00000,0.00000,0.00000,0.00000,0.00000]
Rt:  !!opencv-matrix
  rows: 4
  cols: 4
  dt: d
  data: [0.99937,-0.02896,-0.02034,0.00190,0.02919,0.99951,0.01106,-0.08836,0.02001,-0.01165,0.99973,-0.06678,0.00000,0.00000,0.00000,1.00000]
Rtinv:  !!opencv-matrix
  rows: 4
  cols: 4
  dt: d
  data: [0.99937,0.02919,0.02001,0.00201,-0.02896,0.99951,-0.01165,0.08760,-0.02034,0.01106,0.99973,0.06778,0.00000,0.00000,0.00000,1.00000]
baseline: 0.00027
